Estimation
Observed graph statistics:
39.00	129.00	347.00	1258.00	266.00	718.00	122.00	
Phase1 simulation:
Mean statistics:
45.50	135.79	396.11	1400.14	341.86	763.96	175.61	
Phase2 estimation
Subphase 1 started with a = 0.01000000
Parameters after subphase 1:
-0.43161937	0.47240505	-0.04949607	-0.03012571	-0.00920073	0.04737867	-0.06627614	
Subphase 2 started with a = 0.01000000
Parameters after subphase 2:
-0.53175419	0.55838269	-0.05783357	-0.02728682	-0.02368753	0.05161042	-0.07497595	
Subphase 3 started with a = 0.00500000
Parameters after subphase 3:
-0.56242414	0.59262795	-0.06204411	-0.02565057	-0.03291270	0.05415692	-0.07837693	
Subphase 4 started with a = 0.00250000
Parameters after subphase 4:
-0.57003753	0.61814459	-0.06471384	-0.02757658	-0.03332562	0.05612946	-0.08177087	
Subphase 5 started with a = 0.00125000
Parameters after subphase 5:
-0.59795916	0.63145469	-0.06640315	-0.02751255	-0.03419087	0.05682354	-0.08385543	
Phase3 simulation
Number of steps: 500 
nNumber of iteration in steps: 10000 
Mean statistics:
39.76800000	131.87800000	374.75800000	1291.75200000	282.26200000	762.20600000	143.73800000	
Estimation results
NOTE: t-statistics = (observation - sample mean)/standard error
NOTE: SACF (sample autocorrelation)
Effects	Lambda	Parameter	Stderr	t-ratio	SACF
DensityXA	2.00	-0.59795916	0.49690704	-0.18807845	-0.00042952	
ActivityXA	2.00	0.63145469	0.37079711	-0.23621360	0.03514208	
EgoX-2StarA	2.00	-0.06640315	0.05449512	-0.51063888	-0.01615295	
AlterX-2Star1A	2.00	-0.02751255	0.06188380	-0.27819653	0.04758079	
AlterX-2Star2A	2.00	-0.03419087	0.14681532	-0.29575578	0.04660350	
C4X-1A	2.00	0.05682354	0.05834777	-0.45508817	0.05918118	
C4X-2A	2.00	-0.08385543	0.10992504	-0.50073877	0.05859497	

Covariance matrix
0.24691660	-0.08338261	0.00802535	-0.00503842	0.00570884	0.00663034	-0.00539477	
-0.08338261	0.13749049	-0.01345241	0.00025021	-0.01892064	-0.00189980	0.00813440	
0.00802535	-0.01345241	0.00296972	0.00017386	0.00143561	-0.00121874	0.00055708	
-0.00503842	0.00025021	0.00017386	0.00382960	-0.00808999	-0.00132492	0.00266119	
0.00570884	-0.01892064	0.00143561	-0.00808999	0.02155474	0.00259181	-0.00723661	
0.00663034	-0.00189980	-0.00121874	-0.00132492	0.00259181	0.00340446	-0.00565814	
-0.00539477	0.00813440	0.00055708	0.00266119	-0.00723661	-0.00565814	0.01208351	
Estimation
Observed graph statistics:
39.00	129.00	347.00	1258.00	266.00	718.00	122.00	
Phase1 simulation:
Mean statistics:
40.43	133.93	380.46	1295.86	286.04	751.32	138.04	
Phase2 estimation
Subphase 1 started with a = 0.01000000
Parameters after subphase 1:
-0.89555316	0.93886422	-0.11840443	-0.01160787	-0.09894748	0.07821606	-0.12271748	
Subphase 2 started with a = 0.01000000
Parameters after subphase 2:
-0.92392614	0.94347367	-0.11984155	-0.01675470	-0.08635651	0.07757723	-0.12414945	
Subphase 3 started with a = 0.00500000
Parameters after subphase 3:
-0.92787747	0.93010495	-0.11870939	-0.02271353	-0.06871907	0.08018514	-0.13182111	
Subphase 4 started with a = 0.00250000
Parameters after subphase 4:
-0.91434872	0.91337652	-0.11567709	-0.02385848	-0.06416847	0.07883513	-0.13105047	
Subphase 5 started with a = 0.00125000
Parameters after subphase 5:
-0.89581590	0.89105932	-0.11292807	-0.02308274	-0.06364917	0.07870202	-0.13141872	
Phase3 simulation
Number of steps: 500 
nNumber of iteration in steps: 10000 
Mean statistics:
38.87800000	129.11600000	348.02000000	1260.26400000	267.52400000	720.28600000	123.80200000	
Estimation results
NOTE: t-statistics = (observation - sample mean)/standard error
NOTE: SACF (sample autocorrelation)
Effects	Lambda	Parameter	Stderr	t-ratio	SACF
DensityXA	2.00	-0.89581590	0.54234939	0.03153064	-0.07277887	
ActivityXA	2.00	0.89105932	0.44147463	-0.01117191	-0.05388948	*
EgoX-2StarA	2.00	-0.11292807	0.06221289	-0.02148831	-0.02560666	
AlterX-2Star1A	2.00	-0.02308274	0.06728666	-0.02203494	-0.01912321	
AlterX-2Star2A	2.00	-0.06364917	0.16670015	-0.03359628	-0.00410833	
C4X-1A	2.00	0.07870202	0.05926358	-0.02772304	-0.00713753	
C4X-2A	2.00	-0.13141872	0.12098203	-0.05328995	0.03680141	

Covariance matrix
0.29414286	-0.12790104	0.01258669	-0.00770740	0.01483738	0.00358854	0.00272147	
-0.12790104	0.19489985	-0.01966955	0.00266514	-0.03134110	0.00033191	0.00436519	
0.01258669	-0.01966955	0.00387044	0.00026845	0.00197933	-0.00160971	0.00117021	
-0.00770740	0.00266514	0.00026845	0.00452749	-0.00996388	-0.00139312	0.00244661	
0.01483738	-0.03134110	0.00197933	-0.00996388	0.02778894	0.00266066	-0.00709934	
0.00358854	0.00033191	-0.00160971	-0.00139312	0.00266066	0.00351217	-0.00619501	
0.00272147	0.00436519	0.00117021	0.00244661	-0.00709934	-0.00619501	0.01463665	
